0
5
5
11
17
23
34
34
40
46
52
58
63
69
75
81
87
92
98
104
110
116
121
127
133
139
145
150
156
162
168
174
179
185
191
197
203
208
214
220
226
232
237
243
249
255
261
266
277
277
284
290
295
301
307
313
319
324
330
336
342
348
353
359
365
371
377
382
388
394
400
406
411
417
423
429
435
440
446
452
458
464
469
475
481
487
493
498
504
516
516
522
527
533
539
545
551
556
562
568
574
580
585
591
597
603
609
614
620
626
632
638
643
649
655
661
667
672
678
684
690
696
701
707
713
719
725
730
736
742
748
757
759
765
771
777
783
788
794
800
806
812
817
823
829
835
841
846
852
858
864
870
875
881
887
893
899
904
910
916
922
928
933
939
945
951
957
962
968
974
980
986
997
997
1003
1009
1015
1020
1026
1032
1038
1044
1049
1055
1061
1067
1073
1078
1084
1090
1096
1102
1107
1113
1119
1125
1131
1136
1142
1148
1154
1160
1165
1171
1177
1183
1189
1194
1200
1206
1212
1218
1223
1235
1235
1241
1247
1252
1258
1264
1270
1276
1281
1287
1293
1299
1305
1310
1316
1322
1328
1334
1339
1345
1351
1357
1363
1368
1374
1380
1386
1392
1397
1403
1409
1415
1421
1426
1432
1438
1444
1450
1455
1461
1467
1477
1477
1484
1490
1496
1502
1508
1513
1519
1525
1531
1537
1542
1548
1554
1560
1566
1571
1577
1583
1589
1595
1600
1606
1612
1618
1624
1629
1635
1641
1647
1653
1658
1664
1670
1676
1682
1687
1693
1699
1705
1716
1716
1722
1728
1734
1740
1745
1751
1757
1763
1769
1774
1780
1786
1792
1798
1803
1809
1815
1821
1827
1832
1838
1844
1850
1856
1861
1867
1873
1879
1885
1890
1896
1902
1908
1914
1919
1925
1931
1937
1943
1948
1957
1960
1966
1972
1977
1983
1989
1995
2001
2006
2012
2018
2024
2030
2035
2041
2047
2053
2059
2064
2070
2076
2082
2088
2093
2099
2105
2111
2117
2122
2128
2134
2140
2146
2151
2157
2163
2169
2175
2180
2186
2197
2197
2204
2209
2215
2221
2227
2233
2238
2244
2250
2256
2262
2267
2273
2279
2285
2291
2296
2302
2308
2314
2320
2325
2331
2337
2343
2349
2354
2360
2366
2372
2378
2383
2389
2395
2401
2407
2412
2418
2424
2436
2436
2441
2447
2453
2459
2465
2470
2476
2482
2488
2494
2499
2505
2511
2517
2523
2528
2534
2540
2546
2552
2557
2563
2569
2575
2581
2586
2592
2598
2604
2610
2615
2621
2627
2633
2639
2644
2650
2656
2662
2668
2677
2679
2685
2691
2697
2702
2708
2714
2720
2726
2731
2737
2743
2749
2755
2760
2766
2772
2778
2784
2789
2795
2801
2807
2813
2818
2824
2830
2836
2842
2847
2853
2859
2865
2871
2876
2882
2888
2894
2900
2905
2917
2917
2923
2929
2934
2940
2946
2952
2958
2963
2969
2975
2981
2987
2992
2998
3004
3010
3016
3021
3027
3033
3039
3045
3050
3056
3062
3068
3074
3079
3085
3091
3097
3103
3108
3114
3120
3126
3132
3137
3143
3155
3155
3161
3166
3172
3178
3184
3190
3195
3201
3207
3213
3219
3224
3230
3236
3242
3248
3253
3259
3265
3271
3277
3282
3288
3294
3300
3306
3311
3317
3323
3329
3335
3340
3346
3352
3358
3364
3369
3375
3381
3387
3397
3397
3404
3410
3416
3422
3427
3433
3439
3445
3451
3456
3462
3468
3474
3480
3485
3491
3497
3503
3509
3514
3520
3526
3532
3538
3543
3549
3555
3561
3567
3572
3578
3584
3590
3596
3601
3607
3613
3619
3625
3636
3636
3642
3648
3654
3659
3665
3671
3677
3683
3688
3694
3700
3706
3712
3717
3723
3729
3735
3741
3746
3752
3758
3764
3770
3775
3781
3787
3793
3799
3804
3810
3816
3822
3828
3833
3839
3845
3851
3857
3862
3868
3877
3880
3886
3891
3897
3903
3909
3915
3920
3926
3932
3938
3944
3949
3955
3961
3967
3973
3978
3984
3990
3996
4002
4007
4013
4019
4025
4031
4036
4042
4048
4054
4060
4065
4071
4077
4083
4089
4094
4100
4106
4117
4117
4123
4129
4135
4141
4147
4152
4158
4164
4170
4176
4181
4187
4193
4199
4205
4210
4216
4222
4228
4234
4239
4245
4251
4257
4263
4268
4274
4280
4286
4292
4297
4303
4309
4315
4321
4326
4332
4338
4344
4355
4355
4361
4367
4373
4379
4384
4390
4396
4402
4408
4413
4419
4425
4431
4437
4442
4448
4454
4460
4466
4471
4477
4483
4489
4495
4500
4506
4512
4518
4524
4529
4535
4541
4547
4553
4558
4564
4570
4576
4582
4587
4597
4599
4605
4611
4616
4622
4628
4634
4640
4645
4651
4657
4663
4669
4674
4680
4686
4692
4698
4703
4709
4715
4721
4727
4732
4738
4744
4750
4756
4761
4767
4773
4779
4785
4790
4796
4802
4808
4814
4819
4825
4837
4837
4843
4848
4854
4860
4866
4872
4877
4883
4889
4895
4901
4906
4912
4918
4924
4930
4935
4941
4947
4953
4959
4964
4970
4976
4982
4988
4993
4999
5005
5011
5017
5022
5028
5034
5040
5046
5051
5057
5063
5075
5075
5080
5086
5092
5098
5104
5109
5115
5121
5127
5133
5138
5144
5150
5156
5162
5167
5173
5179
5185
5191
5196
5202
5208
5214
5220
5225
5231
5237
5243
5249
5254
5260
5266
5272
5278
5283
5289
5295
5301
5307
5317
5317
5324
5330
5336
5341
5347
5353
5359
5365
5370
5376
5382
5388
5394
5399
5405
5411
5417
5423
5428
5434
5440
5446
5452
5457
5463
5469
5475
5481
5486
5492
5498
5504
5510
5515
5521
5527
5533
5539
5544
5556
5556
5562
5568
5573
5579
5585
5591
5597
5602
5608
5614
5620
5626
5631
5637
5643
5649
5655
5660
5666
5672
5678
5684
5689
5695
5701
5707
5713
5718
5724
5730
5736
5742
5747
5753
5759
5765
5771
5776
5782
5788
5797
5800
5805
5811
5817
5823
5829
5834
5840
5846
5852
5858
5863
5869
5875
5881
5887
5892
5898
5904
5910
5916
5921
5927
5933
5939
5945
5950
5956
5962
5968
5974
5979
5985
5991
5997
6003
6008
6014
6020
6026
6037
6037
6043
6049
6055
6061
6066
6072
6078
6084
6090
6095
6101
6107
6113
6119
6124
6130
6136
6142
6148
6153
6159
6165
6171
6177
6182
6188
6194
6200
6206
6211
6217
6223
6229
6235
6240
6246
6252
6258
6264
6275
6275
6281
6287
6293
6298
6304
6310
6316
6322
6327
6333
6339
6345
6351
6356
6362
6368
6374
6380
6385
6391
6397
6403
6409
6414
6420
6426
6432
6438
6443
6449
6455
6461
6467
6472
6478
6484
6490
6496
6501
6507
6517
6517
6530
6536
6536
6542
6548
6554
6559
6565
6571
6577
6583
6588
6594
6600
6606
6612
6617
6623
6629
6635
6641
6646
6652
6658
6664
6670
6675
6681
6687
6693
6699
6704
6710
6716
6722
6728
6733
6739
6745
6757
6757
6762
6768
6774
6780
6786
6791
6797
6803
6809
6815
6820
6826
6832
6838
6844
6849
6855
6861
6867
6873
6878
6884
6890
6896
6902
6907
6913
6919
6925
6931
6936
6942
6948
6954
6960
6965
6971
6977
6983
6994
6994
7000
7006
7012
7018
7023
7029
7035
7041
7047
7052
7058
7064
7070
7076
7081
7087
7093
7099
7105
7110
7116
7122
7128
7134
7139
7145
7151
7157
7163
7168
7174
7180
7186
7192
7197
7203
7209
7215
7221
7226
7237
7237
7244
7250
7255
7261
7267
7273
7279
7284
7290
7296
7302
7308
7313
7319
7325
7331
7337
7342
7348
7354
7360
7366
7371
7377
7383
7389
7395
7400
7406
7412
7418
7424
7429
7435
7441
7447
7453
7458
7464
7476
7476
7482
7487
7493
7499
7505
7511
7516
7522
7528
7534
7540
7545
7551
7557
7563
7569
7574
7580
7586
7592
7598
7603
7609
7615
7621
7627
7632
7638
7644
7650
7656
7661
7667
7673
7679
7685
7690
7696
7702
7708
7717
7719
7725
7731
7737
7743
7748
7754
7760
7766
7772
7777
7783
7789
7795
7801
7806
7812
7818
7824
7830
7835
7841
7847
7853
7859
7864
7870
7876
7882
7888
7893
7899
7905
7911
7917
7922
7928
7934
7940
7946
7957
7957
7963
7969
7975
7980
7986
7992
7998
8004
8009
8015
8021
8027
8033
8038
8044
8050
8056
8062
8067
8073
8079
8085
8091
8096
8102
8108
8114
8120
8125
8131
8137
8143
8149
8154
8160
8166
8172
8178
8183
8195
8195
8201
8207
8212
8218
8224
8230
8236
8241
8247
8253
8259
8265
8270
8276
8282
8288
8294
8299
8305
8311
8317
8323
8328
8334
8340
8346
8352
8357
8363
8369
8375
8381
8386
8392
8398
8404
8410
8415
8421
8427
8437
8437
8444
8450
8456
8462
8468
8473
8479
8485
8491
8497
8502
8508
8514
8520
8526
8531
8537
8543
8549
8555
8560
8566
8572
8578
8584
8589
8595
8601
8607
8613
8618
8624
8630
8636
8642
8647
8653
8659
8665
8676
8676
8682
8688
8694
8700
8705
8711
8717
8723
8729
8734
8740
8746
8752
8758
8763
8769
8775
8781
8787
8792
8798
8804
8810
8816
8821
8827
8833
8839
8845
8850
8856
8862
8868
8874
8879
8885
8891
8897
8903
8908
8917
8920
8926
8932
8937
8943
8949
8955
8961
8966
8972
8978
8984
8990
8995
9001
9007
9013
9019
9024
9030
9036
9042
9048
9053
9059
9065
9071
9077
9082
9088
9094
9100
9106
9111
9117
9123
9129
9135
9140
9146
9157
9157
9164
9169
9175
9181
9187
9193
9198
9204
9210
9216
9222
9227
9233
9239
9245
9251
9256
9262
9268
9274
9280
9285
9291
9297
9303
9309
9314
9320
9326
9332
9338
9343
9349
9355
9361
9367
9372
9378
9384
9396
9396
9401
9407
9413
9419
9425
9430
9436
9442
9448
9454
9459
9465
9471
9477
9483
9488
9494
9500
9506
9512
9517
9523
9529
9535
9541
9546
9552
9558
9564
9570
9575
9581
9587
9593
9599
9604
9610
9616
9622
9628
9637
9639
9645
9651
9657
9662
9668
9674
9680
9686
9691
9697
9703
9709
9715
9720
9726
9732
9738
9744
9749
9755
9761
9767
9773
9778
9784
9790
9796
9802
9807
9813
9819
9825
9831
9836
9842
9848
9854
9860
9865
9877
9877
9883
9889
9894
9900
9906
9912
9918
9923
9929
9935
9941
9947
9952
9958
9964
9970
9976
9981
9987
9993
9999
10005
10010
10016
10022
10028
10034
10039
10045
10051
10057
10063
10068
10074
10080
10086
10092
10097
10103
10115
10115
10121
10126
10132
10138
10144
10150
10155
10161
10167
10173
10179
10184
10190
10196
10202
10208
10213
10219
10225
10231
10237
10242
10248
10254
10260
10266
10271
10277
10283
10289
10295
10300
10306
10312
10318
10324
10329
10335
10341
10347
10357
10357
10364
10370
10376
10382
10387
10393
10399
10405
10411
10416
10422
10428
10434
10440
10445
10451
10457
10463
10469
10474
10480
10486
10492
10498
10503
10509
10515
10521
10527
10532
10538
10544
10550
10556
10561
10567
10573
10579
10585
10596
10596
10602
10608
10614
10619
10625
10631
10637
10643
10648
10654
10660
10666
10672
10677
10683
10689
10695
10701
10706
10712
10718
10724
10730
10735
10741
10747
10753
10759
10764
10770
10776
10782
10788
10793
10799
10805
10811
10817
10822
10828
10837
10840
10846
10851
10857
10863
10869
10875
10880
10886
10892
10898
10904
10909
10915
10921
10927
10933
10938
10944
10950
10956
10962
10967
10973
10979
10985
10991
10996
11002
11008
11014
11020
11025
11031
11037
11043
11049
11054
11060
11066
11077
11077
11083
11089
11095
11101
11107
11112
11118
11124
11130
11136
11141
11147
11153
11159
11165
11170
11176
11182
11188
11194
11199
11205
11211
11217
11223
11228
11234
11240
11246
11252
11257
11263
11269
11275
11281
11286
11292
11298
11304
11315
11315
11321
11327
11333
11339
11344
11350
11356
11362
11368
11373
11379
11385
11391
11397
11402
11408
11414
11420
11426
11431
11437
11443
11449
11455
11460
11466
11472
11478
11484
11489
11495
11501
11507
11513
11518
11524
11530
11536
11542
11547
11557
11559
11565
11571
11576
11582
11588
11594
11600
11605
11611
11617
11623
11629
11634
11640
11646
11652
11658
11663
11669
11675
11681
11687
11692
11698
11704
11710
11716
11721
11727
11733
11739
11745
11750
11756
11762
11768
11774
11779
11785
11797
11797
11803
11808
11814
11820
11826
11832
11837
11843
11849
11855
11861
11866
11872
11878
11884
11890
11895
11901
11907
11913
11919
11924
11930
11936
11942
11948
11953
11959
11965
11971
11977
11982
11988
11994
12000
12006
12011
12017
12023
12035
12035
12040
12046
12052
12058
12064
12069
12075
12081
12087
12093
12098
12104
12110
12116
12122
12127
12133
12139
12145
12151
12156
12162
12168
12174
12180
12185
12191
12197
12203
12209
12214
12220
12226
12232
12238
12243
12249
12255
12261
12267
12277
12277
12284
12290
12296
12301
12307
12313
12319
12325
12330
12336
12342
12348
12354
12359
12365
12371
12377
12383
12388
12394
12400
12406
12412
12417
12423
12429
12435
12441
12446
12452
12458
12464
12470
12475
12481
12487
12493
12499
12504
12516
12516
12522
12528
12533
12539
12545
12551
12557
12562
12568
12574
12580
12586
12591
12597
12603
12609
12615
12620
12626
12632
12638
12644
12649
12655
12661
12667
12673
12678
12684
12690
12696
12702
12707
12713
12719
12725
12731
12736
12742
12748
12757
12760
12765
12771
12777
12783
12789
12794
12800
12806
12812
12818
12823
12829
12835
12841
12847
12852
12858
12864
12870
12876
12881
12887
12893
12899
12905
12910
12916
12922
12928
12934
12939
12945
12951
12957
12963
12968
12974
12980
12986
12997
12997
13003
13009
13015
13021
13026
13032
13038
13044
13050
13055
13061
13067
13073
13079
13084
13090
13096
13102
13108
13113
13119
13125
13131
13137
13142
13148
13154
13160
13166
13171
13177
13183
13189
13195
13200
13206
13212
13218
13224
13235
13235
13241
13247
13253
13258
13264
13270
13276
13282
13287
13293
13299
13305
13311
13316
13322
13328
13334
13340
13345
13351
13357
13363
13369
13374
13380
13386
13392
13398
13403
13409
13415
13421
13427
13432
13438
13444
13450
13456
13461
13467
13477
13477
13490
13496
13496
13502
13508
13514
13519
13525
13531
13537
13543
13548
13554
13560
13566
13572
13577
13583
13589
13595
13601
13606
13612
13618
13624
13630
13635
13641
13647
13653
13659
13664
13670
13676
13682
13688
13693
13699
13705
13717
13717
13722
13728
13734
13740
13746
13751
13757
13763
13769
13775
13780
13786
13792
13798
13804
13809
13815
13821
13827
13833
13838
13844
13850
13856
13862
13867
13873
13879
13885
13891
13896
13902
13908
13914
13920
13925
13931
13937
13943
13954
13954
13960
13966
13972
13978
13983
13989
13995
14001
14007
14012
14018
14024
14030
14036
14041
14047
14053
14059
14065
14070
14076
14082
14088
14094
14099
14105
14111
14117
14123
14128
14134
14140
14146
14152
14157
14163
14169
14175
14181
14186
14197
14197
14204
14210
14215
14221
14227
14233
14239
14244
14250
14256
14262
14268
14273
14279
14285
14291
14297
14302
14308
14314
14320
14326
14331
14337
14343
14349
14355
14360
14366
14372
14378
14384
14389
14395
14401
14407
14413
14418
14424
14436
14436
14442
14447
14453
14459
14465
14471
14476
14482
14488
14494
14500
14505
14511
14517
14523
14529
14534
14540
14546
14552
14558
14563
14569
14575
14581
14587
14592
14598
14604
14610
14616
14621
14627
14633
14639
14645
14650
14656
14662
14668
14677
14679
14685
14691
14697
14703
14708
14714
14720
14726
14732
14737
14743
14749
14755
14761
14766
14772
14778
14784
14790
14795
14801
14807
14813
14819
14824
14830
14836
14842
14848
14853
14859
14865
14871
14877
14882
14888
14894
14900
14906
14917
14917
14923
14929
14935
14940
14946
14952
14958
14964
14969
14975
14981
14987
14993
14998
15004
15010
15016
15022
15027
15033
15039
15045
15051
15056
15062
15068
15074
15080
15085
15091
15097
15103
15109
15114
15120
15126
15132
15138
15143
15155
15155
15161
15167
15172
15178
15184
15190
15196
15201
15207
15213
15219
15225
15230
15236
15242
15248
15254
15259
15265
15271
15277
15283
15288
15294
15300
15306
15312
15317
15323
15329
15335
15341
15346
15352
15358
15364
15370
15375
15381
15387
15397
15397
15404
15410
15416
15422
15428
15433
15439
15445
15451
15457
15462
15468
15474
15480
15486
15491
15497
15503
15509
15515
15520
15526
15532
15538
15544
15549
15555
15561
15567
15573
15578
15584
15590
15596
15602
15607
15613
15619
15625
15636
15636
15642
15648
15654
15660
15665
15671
15677
15683
15689
15694
15700
15706
15712
15718
15723
15729
15735
15741
15747
15752
15758
15764
15770
15776
15781
15787
15793
15799
15805
15810
15816
15822
15828
15834
15839
15845
15851
15857
15863
15868
15877
15880
15886
15892
15897
15903
15909
15915
15921
15926
15932
15938
15944
15950
15955
15961
15967
15973
15979
15984
15990
15996
16002
16008
16013
16019
16025
16031
16037
16042
16048
16054
16060
16066
16071
16077
16083
16089
16095
16100
16106
16117
16117
16124
16129
16135
16141
16147
16153
16158
16164
16170
16176
16182
16187
16193
16199
16205
16211
16216
16222
16228
16234
16240
16245
16251
16257
16263
16269
16274
16280
16286
16292
16298
16303
16309
16315
16321
16327
16332
16338
16344
16356
16356
16361
16367
16373
16379
16385
16390
16396
16402
16408
16414
16419
16425
16431
16437
16443
16448
16454
16460
16466
16472
16477
16483
16489
16495
16501
16506
16512
16518
16524
16530
16535
16541
16547
16553
16559
16564
16570
16576
16582
16588
16597
16599
16605
16611
16617
16622
16628
16634
16640
16646
16651
16657
16663
16669
16675
16680
16686
16692
16698
16704
16709
16715
16721
16727
16733
16738
16744
16750
16756
16762
16767
16773
16779
16785
16791
16796
16802
16808
16814
16820
16825
16837
16837
16843
16849
16854
16860
16866
16872
16878
16883
16889
16895
16901
16907
16912
16918
16924
16930
16936
16941
16947
16953
16959
16965
16970
16976
16982
16988
16994
16999
17005
17011
17017
17023
17028
17034
17040
17046
17052
17057
17063
17075
17075
17081
17086
17092
17098
17104
17110
17115
17121
17127
17133
17139
17144
17150
17156
17162
17168
17173
17179
17185
17191
17197
17202
17208
17214
17220
17226
17231
17237
17243
17249
17255
17260
17266
17272
17278
17284
17289
17295
17301
17307
17317
17317
17324
17330
17336
17342
17347
17353
17359
17365
17371
17376
17382
17388
17394
17400
17405
17411
17417
17423
17429
17434
17440
17446
17452
17458
17463
17469
17475
17481
17487
17492
17498
17504
17510
17516
17521
17527
17533
17539
17545
17556
17556
17562
17568
17574
17579
17585
17591
17597
17603
17608
17614
17620
17626
17632
17637
17643
17649
17655
17661
17666
17672
17678
17684
17690
17695
17701
17707
17713
17719
17724
17730
17736
17742
17748
17753
17759
17765
17771
17777
17782
17788
17797
17800
17806
17811
17817
17823
17829
17835
17840
17846
17852
17858
17864
17869
17875
17881
17887
17893
17898
17904
17910
17916
17922
17927
17933
17939
17945
17951
17956
17962
17968
17974
17980
17985
17991
17997
18003
18009
18014
18020
18026
18037
18037
18043
18049
18055
18061
18067
18072
18078
18084
18090
18096
18101
18107
18113
18119
18125
18130
18136
18142
18148
18154
18159
18165
18171
18177
18183
18188
18194
18200
18206
18212
18217
18223
18229
18235
18241
18246
18252
18258
18264
18275
18275
18281
18287
18293
18299
18304
18310
18316
18322
18328
18333
18339
18345
18351
18357
18362
18368
18374
18380
18386
18391
18397
18403
18409
18415
18420
18426
18432
18438
18444
18449
18455
18461
18467
18473
18478
18484
18490
18496
18502
18507
18517
18519
18525
18531
18536
18542
18548
18554
18560
18565
18571
18577
18583
18589
18594
18600
18606
18612
18618
18623
18629
18635
18641
18647
18652
18658
18664
18670
18676
18681
18687
18693
18699
18705
18710
18716
18722
18728
18734
18739
18745
18757
18757
18763
18768
18774
18780
18786
18792
18797
18803
18809
18815
18821
18826
18832
18838
18844
18850
18855
18861
18867
18873
18879
18884
18890
18896
18902
18908
18913
18919
18925
18931
18937
18942
18948
18954
18960
18966
18971
18977
18983
18995
18995
19000
19006
19012
19018
19024
19029
19035
19041
19047
19053
19058
19064
19070
19076
19082
19087
19093
19099
19105
19111
19116
19122
19128
19134
19140
19145
19151
19157
19163
19169
19174
19180
19186
19192
19198
19203
19209
19215
19221
19227
19237
19237
19244
19250
19256
19261
19267
19273
19279
19285
19290
19296
19302
19308
19314
19319
19325
19331
19337
19343
19348
19354
19360
19366
19372
19377
19383
19389
19395
19401
19406
19412
19418
19424
19430
19435
19441
19447
19453
19459
19464
19476
19476
19482
19488
19493
19499
19505
19511
19517
19522
19528
19534
19540
19546
19551
19557
19563
19569
19575
19580
19586
19592
19598
19604
19609
19615
19621
19627
19633
19638
19644
19650
19656
19662
19667
19673
19679
19685
19691
19696
19702
19708
19717
19720
19725
19731
19737
19743
19749
19754
19760
19766
19772
19778
19783
19789
19795
19801
19807
19812
19818
19824
19830
19836
19841
19847
19853
19859
19865
19870
19876
19882
19888
19894
19899
19905
19911
19917
19923
19928
19934
19940
19946
19957
19957
19963
19969
19975
19981
19986
19992
19998
20004
20010
20015
20021
20027
20033
20039
20044
20050
20056
20062
20068
20073
20079
20085
20091
20097
20102
20108
20114
20120
20126
20131
20137
20143
20149
20155
20160
20166
20172
20178
20184
20195
20195
20201
20207
20213
20218
20224
20230
20236
20242
20247
20253
20259
20265
20271
20276
20282
20288
20294
20300
20305
20311
20317
20323
20329
20334
20340
20346
20352
20358
20363
20369
20375
20381
20387
20392
20398
20404
20410
20416
20421
20427
20437
20437
20450
20456
20456
20462
20468
20474
20479
20485
20491
20497
20503
20508
20514
20520
20526
20532
20537
20543
20549
20555
20561
20566
20572
20578
20584
20590
20595
20601
20607
20613
20619
20624
20630
20636
20642
20648
20653
20659
20665
20677
20677
20682
20688
20694
20700
20706
20711
20717
20723
20729
20735
20740
20746
20752
20758
20764
20769
20775
20781
20787
20793
20798
20804
20810
20816
20822
20827
20833
20839
20845
20851
20856
20862
20868
20874
20880
20885
20891
20897
20903
20914
20914
20920
20926
20932
20938
20943
20949
20955
20961
20967
20972
20978
20984
20990
20996
21001
21007
21013
21019
21025
21030
21036
21042
21048
21054
21059
21065
21071
21077
21083
21088
21094
21100
21106
21112
21117
21123
21129
21135
21141
21146
21157
21157
21164
21170
21175
21181
21187
21193
21199
21204
21210
21216
21222
21228
21233
21239
21245
21251
21257
21262
21268
21274
21280
21286
21291
21297
21303
21309
21315
21320
21326
21332
21338
21344
21349
21355
21361
21367
21373
21378
21384
21396
21396
21402
21407
21413
21419
21425
21431
21436
21442
21448
21454
21460
21465
21471
21477
21483
21489
21494
21500
21506
21512
21518
21523
21529
21535
21541
21547
21552
21558
21564
21570
21576
21581
21587
21593
21599
21605
21610
21616
21622
21628
21637
21639
21645
21651
21657
21663
21668
21674
21680
21686
21692
21697
21703
21709
21715
21721
21726
21732
21738
21744
21750
21755
21761
21767
21773
21779
21784
21790
21796
21802
21808
21813
21819
21825
21831
21837
21842
21848
21854
21860
21866
21877
21877
21883
21889
21895
21900
21906
21912
21918
21924
21929
21935
21941
21947
21953
21958
21964
21970
21976
21982
21987
21993
21999
22005
22011
22016
22022
22028
22034
22040
22045
22051
22057
22063
22069
22074
22080
22086
22092
22098
22103
22115
22115
22121
22127
22132
22138
22144
22150
22156
22161
22167
22173
22179
22185
22190
22196
22202
22208
22214
22219
22225
22231
22237
22243
22248
22254
22260
22266
22272
22277
22283
22289
22295
22301
22306
22312
22318
22324
22330
22335
22341
22347
22357
22357
22364
22370
22376
22382
22388
22393
22399
22405
22411
22417
22422
22428
22434
22440
22446
22451
22457
22463
22469
22475
22480
22486
22492
22498
22504
22509
22515
22521
22527
22533
22538
22544
22550
22556
22562
22567
22573
22579
22585
22596
22596
22602
22608
22614
22620
22625
22631
22637
22643
22649
22654
22660
22666
22672
22678
22683
22689
22695
22701
22707
22712
22718
22724
22730
22736
22741
22747
22753
22759
22765
22770
22776
22782
22788
22794
22799
22805
22811
22817
22823
22828
22837
22840
22846
22852
22857
22863
22869
22875
22881
22886
22892
22898
22904
22910
22915
22921
22927
22933
22939
22944
22950
22956
22962
22968
22973
22979
22985
22991
22997
23002
23008
23014
23020
23026
23031
23037
23043
23049
23055
23060
23066
23077
23077
23084
23089
23095
23101
23107
23113
23118
23124
23130
23136
23142
23147
23153
23159
23165
23171
23176
23182
23188
23194
23200
23205
23211
23217
23223
23229
23234
23240
23246
23252
23258
23263
23269
23275
23281
23287
23292
23298
23304
23316
23316
23321
23327
23333
23339
23345
23350
23356
23362
23368
23374
23379
23385
23391
23397
23403
23408
23414
23420
23426
23432
23437
23443
23449
23455
23461
23466
23472
23478
23484
23490
23495
23501
23507
23513
23519
23524
23530
23536
23542
23548
23557
23559
23565
23571
23577
23582
23588
23594
23600
23606
23611
23617
23623
23629
23635
23640
23646
23652
23658
23664
23669
23675
23681
23687
23693
23698
23704
23710
23716
23722
23727
23733
23739
23745
23751
23756
23762
23768
23774
23780
23785
23797
23797
23803
23809
23814
23820
23826
23832
23838
23843
23849
23855
23861
23867
23872
23878
23884
23890
23896
23901
23907
23913
23919
23925
23930
23936
23942
23948
23954
23959
23965
23971
23977
23983
23988
23994
24000
24006
24012
24017
24023
24035
24035
24041
24046
24052
24058
24064
24070
24075
24081
24087
24093
24099
24104
24110
24116
24122
24128
24133
24139
24145
24151
24157
24162
24168
24174
24180
24186
24191
24197
24203
24209
24215
24220
24226
24232
24238
24244
24249
24255
24261
24267
24277
24277
24284
24290
24296
24302
24307
24313
24319
24325
24331
24336
24342
24348
24354
24360
24365
24371
24377
24383
24389
24394
24400
24406
24412
24418
24423
24429
24435
24441
24447
24452
24458
24464
24470
24476
24481
24487
24493
24499
24505
24516
24516
24522
24528
24534
24539
24545
24551
24557
24563
24568
24574
24580
24586
24592
24597
24603
24609
24615
24621
24626
24632
24638
24644
24650
24655
24661
24667
24673
24679
24684
24690
24696
24702
24708
24713
24719
24725
24731
24737
24742
24748
24757
24760
24766
24771
24777
24783
24789
24795
24800
24806
24812
24818
24824
24829
24835
24841
24847
24853
24858
24864
24870
24876
24882
24887
24893
24899
24905
24911
24916
24922
24928
24934
24940
24945
24951
24957
24963
24969
24974
24980
24986
24997
24997
25003
25009
25015
25021
25027
25032
25038
25044
25050
25056
25061
25067
25073
25079
25085
25090
25096
25102
25108
25114
25119
25125
25131
25137
25143
25148
25154
25160
25166
25172
25177
25183
25189
25195
25201
25206
25212
25218
25224
25235
25235
25241
25247
25253
25259
25264
25270
25276
25282
25288
25293
25299
25305
25311
25317
25322
25328
25334
25340
25346
25351
25357
25363
25369
25375
25380
25386
25392
25398
25404
25409
25415
25421
25427
25433
25438
25444
25450
25456
25462
25467
25477
25479
25485
25491
25496
25502
25508
25514
25520
25525
25531
25537
25543
25549
25554
25560
25566
25572
25578
25583
25589
25595
25601
25607
25612
25618
25624
25630
25636
25641
25647
25653
25659
25665
25670
25676
25682
25688
25694
25699
25705
25717
25717
25723
25728
25734
25740
25746
25752
25757
25763
25769
25775
25781
25786
25792
25798
25804
25810
25815
25821
25827
25833
25839
25844
25850
25856
25862
25868
25873
25879
25885
25891
25897
25902
25908
25914
25920
25926
25931
25937
25943
25955
25955
25960
25966
25972
25978
25984
25989
25995
26001
26007
26013
26018
26024
26030
26036
26042
26047
26053
26059
26065
26071
26076
26082
26088
26094
26100
26105
26111
26117
26123
26129
26134
26140
26146
26152
26158
26163
26169
26175
26181
26187
26197
26197
26204
26210
26216
26221
26227
26233
26239
26245
26250
26256
26262
26268
26274
26279
26285
26291
26297
26303
26308
26314
26320
26326
26332
26337
26343
26349
26355
26361
26366
26372
26378
26384
26390
26395
26401
26407
26413
26419
26424
26436
26436
26442
26448
26453
26459
26465
26471
26477
26482
26488
26494
26500
26506
26511
26517
26523
26529
26535
26540
26546
26552
26558
26564
26569
26575
26581
26587
26593
26598
26604
26610
26616
26622
26627
26633
26639
26645
26651
26656
26662
26668
26677
26680
26685
26691
26697
26703
26709
26714
26720
26726
26732
26738
26743
26749
26755
26761
26767
26772
26778
26784
26790
26796
26801
26807
26813
26819
26825
26830
26836
26842
26848
26854
26859
26865
26871
26877
26883
26888
26894
26900
26906
26917
26917
26923
26929
26935
26941
26946
26952
26958
26964
26970
26975
26981
26987
26993
26999
27004
27010
27016
27022
27028
27033
27039
27045
27051
27057
27062
27068
27074
27080
27086
27091
27097
27103
27109
27115
27120
27126
27132
27138
27144
27155
27155
27161
27167
27173
27178
27184
27190
27196
27202
27207
27213
27219
27225
27231
27236
27242
27248
27254
27260
27265
27271
27277
27283
27289
27294
27300
27306
27312
27318
27323
27329
27335
27341
27347
27352
27358
27364
27370
27376
27381
27387
27397
27397
27410
27416
27416
27422
27428
27434
27439
27445
27451
27457
27463
27468
27474
27480
27486
27492
27497
27503
27509
27515
27521
27526
27532
27538
27544
27550
27555
27561
27567
27573
27579
27584
27590
27596
27602
27608
27613
27619
27625
27637
27637
27642
27648
27654
27660
27666
27671
27677
27683
27689
27695
27700
27706
27712
27718
27724
27729
27735
27741
27747
27753
27758
27764
27770
27776
27782
27787
27793
27799
27805
27811
27816
27822
27828
27834
27840
27845
27851
27857
27863
27874
27874
27880
27886
27892
27898
27903
27909
27915
27921
27927
27932
27938
27944
27950
27956
27961
27967
27973
27979
27985
27990
27996
28002
28008
28014
28019
28025
28031
28037
28043
28048
28054
28060
28066
28072
28077
28083
28089
28095
28101
28106
28117
28117
28124
28130
28135
28141
28147
28153
28159
28164
28170
28176
28182
28188
28193
28199
28205
28211
28217
28222
28228
28234
28240
28246
28251
28257
28263
28269
28275
28280
28286
28292
28298
28304
28309
28315
28321
28327
28333
28338
28344
28356
28356
28362
28367
28373
28379
28385
28391
28396
28402
28408
28414
28420
28425
28431
28437
28443
28449
28454
28460
28466
28472
28478
28483
28489
28495
28501
28507
28512
28518
28524
28530
28536
28541
28547
28553
28559
28565
28570
28576
28582
28588
28597
28599
28605
28611
28617
28623
28628
28634
28640
28646
28652
28657
28663
28669
28675
28681
28686
28692
28698
28704
28710
28715
28721
28727
28733
28739
28744
28750
28756
28762
28768
28773
28779
28785
28791
28797
28802
28808
28814
28820
28826
28837
28837
28843
28849
28855
28860
28866
28872
28878
28884
28889
28895
28901
28907
28913
28918
28924
28930
28936
28942
28947
28953
28959
28965
28971
28976
28982
28988
28994
29000
29005
29011
29017
29023
29029
29034
29040
29046
29052
29058
29063
29075
29075
29081
29087
29092
29098
29104
29110
29116
29121
29127
29133
29139
29145
29150
29156
29162
29168
29174
29179
29185
29191
29197
29203
29208
29214
29220
29226
29232
29237
29243
29249
29255
29261
29266
29272
29278
29284
29290
29295
29301
29307
29317
29317
29324
29330
29336
29342
29348
29353
29359
29365
29371
29377
29382
29388
29394
29400
29406
29411
29417
29423
29429
29435
29440
29446
29452
29458
29464
29469
29475
29481
29487
29493
29498
29504
29510
29516
29522
29527
29533
29539
29545
29556
29556
29562
29568
29574
29580
29585
29591
29597
29603
29609
29614
29620
29626
29632
29638
29643
29649
29655
29661
29667
29672
29678
29684
29690
29696
29701
29707
29713
29719
29725
29730
29736
29742
29748
29754
29759
29765
29771
29777
29783
29788
29797
29800
29806
29812
29817
29823
29829
29835
29841
29846
29852
29858
29864
29870
29875
29881
29887
29893
29899
29904
29910
29916
29922
29928
29933
29939
29945
29951
29957
29962
29968
29974
29980
29986
29991
29997
30003
30009
30015
30020
30026
30037
30037
30044
30049
30055
30061
30067
30073
30078
30084
30090
30096
30102
30107
30113
30119
30125
30131
30136
30142
30148
30154
30160
30165
30171
30177
30183
30189
30194
30200
30206
30212
30218
30223
30229
30235
30241
30247
30252
30258
30264
30276
30276
30281
30287
30293
30299
30305
30310
30316
30322
30328
30334
30339
30345
30351
30357
30363
30368
30374
30380
30386
30392
30397
30403
30409
30415
30421
30426
30432
30438
30444
30450
30455
30461
30467
30473
30479
30484
30490
30496
30502
30508
30517
30519
30525
30531
30537
30542
30548
30554
30560
30566
30571
30577
30583
30589
30595
30600
30606
30612
30618
30624
30629
30635
30641
30647
30653
30658
30664
30670
30676
30682
30687
30693
30699
30705
30711
30716
30722
30728
30734
30740
30745
30757
30757
30763
30769
30774
30780
30786
30792
30798
30803
30809
30815
30821
30827
30832
30838
30844
30850
30856
30861
30867
30873
30879
30885
30890
30896
30902
30908
30914
30919
30925
30931
30937
30943
30948
30954
30960
30966
30972
30977
30983
30995
30995
31001
31006
31012
31018
31024
31030
31035
31041
31047
31053
31059
31064
31070
31076
31082
31088
31093
31099
31105
31111
31117
31122
31128
31134
31140
31146
31151
31157
31163
31169
31175
31180
31186
31192
31198
31204
31209
31215
31221
31227
31237
31237
31244
31250
31256
31262
31267
31273
31279
31285
31291
31296
31302
31308
31314
31320
31325
31331
31337
31343
31349
31354
31360
31366
31372
31378
31383
31389
31395
31401
31407
31412
31418
31424
31430
31436
31441
31447
31453
31459
31465
31476
31476
31482
31488
31494
31499
31505
31511
31517
31523
31528
31534
31540
31546
31552
31557
31563
31569
31575
31581
31586
31592
31598
31604
31610
31615
31621
31627
31633
31639
31644
31650
31656
31662
31668
31673
31679
31685
31691
31697
31702
31708
31717
31720
31726
31731
31737
31743
31749
31755
31760
31766
31772
31778
31784
31789
31795
31801
31807
31813
31818
31824
31830
31836
31842
31847
31853
31859
31865
31871
31876
31882
31888
31894
31900
31905
31911
31917
31923
31929
31934
31940
31946
31957
31957
31963
31969
31975
31981
31987
31992
31998
32004
32010
32016
32021
32027
32033
32039
32045
32050
32056
32062
32068
32074
32079
32085
32091
32097
32103
32108
32114
32120
32126
32132
32137
32143
32149
32155
32161
32166
32172
32178
32184
32195
32195
32201
32207
32213
32219
32224
32230
32236
32242
32248
32253
32259
32265
32271
32277
32282
32288
32294
32300
32306
32311
32317
32323
32329
32335
32340
32346
32352
32358
32364
32369
32375
32381
32387
32393
32398
32404
32410
32416
32422
32427
32437
32439
32445
32451
32456
32462
32468
32474
32480
32485
32491
32497
32503
32509
32514
32520
32526
32532
32538
32543
32549
32555
32561
32567
32572
32578
32584
32590
32596
32601
32607
32613
32619
32625
32630
32636
32642
32648
32654
32659
32665
32677
32677
32683
32688
32694
32700
32706
32712
32717
32723
32729
32735
32741
32746
32752
32758
32764
32770
32775
32781
32787
32793
32799
32804
32810
32816
32822
32828
32833
32839
32845
32851
32857
32862
32868
32874
32880
32886
32891
32897
32903
32915
32915
32920
32926
32932
32938
32944
32949
32955
32961
32967
32973
32978
32984
32990
32996
33002
33007
33013
33019
33025
33031
33036
33042
33048
33054
33060
33065
33071
33077
33083
33089
33094
33100
33106
33112
33118
33123
33129
33135
33141
33147
33157
33157
33164
33170
33176
33181
33187
33193
33199
33205
33210
33216
33222
33228
33234
33239
33245
33251
33257
33263
33268
33274
33280
33286
33292
33297
33303
33309
33315
33321
33326
33332
33338
33344
33350
33355
33361
33367
33373
33379
33384
33396
33396
33402
33408
33413
33419
33425
33431
33437
33442
33448
33454
33460
33466
33471
33477
33483
33489
33495
33500
33506
33512
33518
33524
33529
33535
33541
33547
33553
33558
33564
33570
33576
33582
33587
33593
33599
33605
33611
33616
33622
33628
33637
33640
33645
33651
33657
33663
33669
33674
33680
33686
33692
33698
33703
33709
33715
33721
33727
33732
33738
33744
33750
33756
33761
33767
33773
33779
33785
33790
33796
33802
33808
33814
33819
33825
33831
33837
33843
33848
33854
33860
33866
33877
33877
33883
33889
33895
33901
33906
33912
33918
33924
33930
33935
33941
33947
33953
33959
33964
33970
33976
33982
33988
33993
33999
34005
34011
34017
34022
34028
34034
34040
34046
34051
34057
34063
34069
34075
34080
34086
34092
34098
34104
34115
34115
34121
34127
34133
34138
34144
34150
34156
34162
34167
34173
34179
34185
34191
34196
34202
34208
34214
34220
34225
34231
34237
34243
34249
34254
34260
34266
34272
34278
34283
34289
34295
34301
34307
34312
34318
34324
34330
34336
34341
34347
34357
34357
34370
34376
34376
34382
34388
34394
34399
34405
34411
34417
34423
34428
34434
34440
34446
34452
34457
34463
34469
34475
34481
34486
34492
34498
34504
34510
34515
34521
34527
34533
34539
34544
34550
34556
34562
34568
34573
34579
34585
34597
34597
34602
34608
34614
34620
34626
34631
34637
34643
34649
34655
34660
34666
34672
34678
34684
34689
34695
34701
34707
34713
34718
34724
34730
34736
34742
34747
34753
34759
34765
34771
34776
34782
34788
34794
34800
34805
34811
34817
34823
34834
34834
34840
34846
34852
34858
34863
34869
34875
34881
34887
34892
34898
34904
34910
34916
34921
34927
34933
34939
34945
34950
34956
34962
34968
34974
34979
34985
34991
34997
35003
35008
35014
35020
35026
35032
35037
35043
35049
35055
35061
35066
35077
35077
35084
35090
35095
35101
35107
35113
35119
35124
35130
35136
35142
35148
35153
35159
35165
35171
35177
35182
35188
35194
35200
35206
35211
35217
35223
35229
35235
35240
35246
35252
35258
35264
35269
35275
35281
35287
35293
35298
35304
35316
35316
35322
35327
35333
35339
35345
35351
35356
35362
35368
35374
35380
35385
35391
35397
35403
35409
35414
35420
35426
35432
35438
35443
35449
35455
35461
35467
35472
35478
35484
35490
35496
35501
35507
35513
35519
35525
35530
35536
35542
35548
35557
35559
35565
35571
35577
35583
35588
35594
35600
35606
35612
35617
35623
35629
35635
35641
35646
35652
35658
35664
35670
35675
35681
35687
35693
35699
35704
35710
35716
35722
35728
35733
35739
35745
35751
35757
35762
35768
35774
35780
35786
35797
35797
35803
35809
35815
35820
35826
35832
35838
35844
35849
35855
35861
35867
35873
35878
35884
35890
35896
35902
35907
35913
35919
35925
35931
35936
35942
35948
35954
35960
35965
35971
35977
35983
35989
35994
36000
36006
36012
36018
36023
36035
36035
36041
36047
36052
36058
36064
36070
36076
36081
36087
36093
36099
36105
36110
36116
36122
36128
36134
36139
36145
36151
36157
36163
36168
36174
36180
36186
36192
36197
36203
36209
36215
36221
36226
36232
36238
36244
36250
36255
36261
36267
36277
36277
36284
36290
36296
36302
36308
36313
36319
36325
36331
36337
36342
36348
36354
36360
36366
36371
36377
36383
36389
36395
36400
36406
36412
36418
36424
36429
36435
36441
36447
36453
36458
36464
36470
36476
36482
36487
36493
36499
36505
36516
36516
36522
36528
36534
36540
36545
36551
36557
36563
36569
36574
36580
36586
36592
36598
36603
36609
36615
36621
36627
36632
36638
36644
36650
36656
36661
36667
36673
36679
36685
36690
36696
36702
36708
36714
36719
36725
36731
36737
36743
36748
36757
36760
36766
36772
36777
36783
36789
36795
36801
36806
36812
36818
36824
36830
36835
36841
36847
36853
36859
36864
36870
36876
36882
36888
36893
36899
36905
36911
36917
36922
36928
36934
36940
36946
36951
36957
36963
36969
36975
36980
36986
36997
36997
37004
37009
37015
37021
37027
37033
37038
37044
37050
37056
37062
37067
37073
37079
37085
37091
37096
37102
37108
37114
37120
37125
37131
37137
37143
37149
37154
37160
37166
37172
37178
37183
37189
37195
37201
37207
37212
37218
37224
37236
37236
37241
37247
37253
37259
37265
37270
37276
37282
37288
37294
37299
37305
37311
37317
37323
37328
37334
37340
37346
37352
37357
37363
37369
37375
37381
37386
37392
37398
37404
37410
37415
37421
37427
37433
37439
37444
37450
37456
37462
37468
37477
37479
37485
37491
37497
37502
37508
37514
37520
37526
37531
37537
37543
37549
37555
37560
37566
37572
37578
37584
37589
37595
37601
37607
37613
37618
37624
37630
37636
37642
37647
37653
37659
37665
37671
37676
37682
37688
37694
37700
37705
37717
37717
37723
37729
37734
37740
37746
37752
37758
37763
37769
37775
37781
37787
37792
37798
37804
37810
37816
37821
37827
37833
37839
37845
37850
37856
37862
37868
37874
37879
37885
37891
37897
37903
37908
37914
37920
37926
37932
37937
37943
37955
37955
37961
37966
37972
37978
37984
37990
37995
38001
38007
38013
38019
38024
38030
38036
38042
38048
38053
38059
38065
38071
38077
38082
38088
38094
38100
38106
38111
38117
38123
38129
38135
38140
38146
38152
38158
38164
38169
38175
38181
38187
38197
38197
38204
38210
38216
38222
38227
38233
38239
38245
38251
38256
38262
38268
38274
38280
38285
38291
38297
38303
38309
38314
38320
38326
38332
38338
38343
38349
38355
38361
38367
38372
38378
38384
38390
38396
38401
38407
38413
38419
38425
38436
38436
38442
38448
38454
38459
38465
38471
38477
38483
38488
38494
38500
38506
38512
38517
38523
38529
38535
38541
38546
38552
38558
38564
38570
38575
38581
38587
38593
38599
38604
38610
38616
38622
38628
38633
38639
38645
38651
38657
38662
38668
38677
38680
38686
38691
38697
38703
38709
38715
38720
38726
38732
38738
38744
38749
38755
38761
38767
38773
38778
38784
38790
38796
38802
38807
38813
38819
38825
38831
38836
38842
38848
38854
38860
38865
38871
38877
38883
38889
38894
38900
38906
38917
38917
38923
38929
38935
38941
38947
38952
38958
38964
38970
38976
38981
38987
38993
38999
39005
39010
39016
39022
39028
39034
39039
39045
39051
39057
39063
39068
39074
39080
39086
39092
39097
39103
39109
39115
39121
39126
39132
39138
39144
39155
39155
39161
39167
39173
39179
39184
39190
39196
39202
39208
39213
39219
39225
39231
39237
39242
39248
39254
39260
39266
39271
39277
39283
39289
39295
39300
39306
39312
39318
39324
39329
39335
39341
39347
39353
39358
39364
39370
39376
39382
39387
39397
39399
39405
39411
39416
39422
39428
39434
39440
39445
39451
39457
39463
39469
39474
39480
39486
39492
39498
39503
39509
39515
39521
39527
39532
39538
39544
39550
39556
39561
39567
39573
39579
39585
39590
39596
39602
39608
39614
39619
39625
39637
39637
39643
39648
39654
39660
39666
39672
39677
39683
39689
39695
39701
39706
39712
39718
39724
39730
39735
39741
39747
39753
39759
39764
39770
39776
39782
39788
39793
39799
39805
39811
39817
39822
39828
39834
39840
39846
39851
39857
39863
39875
39875
39880
39886
39892
39898
39904
39909
39915
39921
39927
39933
39938
39944
39950
39956
39962
39967
39973
39979
39985
39991
39996
40002
40008
40014
40020
40025
40031
40037
40043
40049
40054
40060
40066
40072
40078
40083
40089
40095
40101
40107
40117
40117
40124
40130
40136
40141
40147
40153
40159
40165
40170
40176
40182
40188
40194
40199
40205
40211
40217
40223
40228
40234
40240
40246
40252
40257
40263
40269
40275
40281
40286
40292
40298
40304
40310
40315
40321
40327
40333
40339
40344
40356
40356
40362
40368
40373
40379
40385
40391
40397
40402
40408
40414
40420
40426
40431
40437
40443
40449
40455
40460
40466
40472
40478
40484
40489
40495
40501
40507
40513
40518
40524
40530
40536
40542
40547
40553
40559
40565
40571
40576
40582
40588
40597
40600
40605
40611
40617
40623
40629
40634
40640
40646
40652
40658
40663
40669
40675
40681
40687
40692
40698
40704
40710
40716
40721
40727
40733
40739
40745
40750
40756
40762
40768
40774
40779
40785
40791
40797
40803
40808
40814
40820
40826
40837
40837
40843
40849
40855
40861
40866
40872
40878
40884
40890
40895
40901
40907
40913
40919
40924
40930
40936
40942
40948
40953
40959
40965
40971
40977
40982
40988
40994
41000
41006
41011
41017
41023
41029
41035
41040
41046
41052
41058
41064
41075
41075
41081
41087
41093
41098
41104
41110
41116
41122
41127
41133
41139
41145
41151
41156
41162
41168
41174
41180
41185
41191
41197
41203
41209
41214
41220
41226
41232
41238
41243
41249
41255
41261
41267
41272
41278
41284
41290
41296
41301
41307
41317
41317
41330
41336
41336
41342
41348
41354
41359
41365
41371
41377
41383
41388
41394
41400
41406
41412
41417
41423
41429
41435
41441
41446
41452
41458
41464
41470
41475
41481
41487
41493
41499
41504
41510
41516
41522
41528
41533
41539
41545
41557
41557
41562
41568
41574
41580
41586
41591
41597
41603
41609
41615
41620
41626
41632
41638
41644
41649
41655
41661
41667
41673
41678
41684
41690
41696
41702
41707
41713
41719
41725
41731
41736
41742
41748
41754
41760
41765
41771
41777
41783
41794
41794
41800
41806
41812
41818
41823
41829
41835
41841
41847
41852
41858
41864
41870
41876
41881
41887
41893
41899
41905
41910
41916
41922
41928
41934
41939
41945
41951
41957
41963
41968
41974
41980
41986
41992
41997
42003
42009
42015
42021
42026
42037
42037
42044
42050
42055
42061
42067
42073
42079
42084
42090
42096
42102
42108
42113
42119
42125
42131
42137
42142
42148
42154
42160
42166
42171
42177
42183
42189
42195
42200
42206
42212
42218
42224
42229
42235
42241
42247
42253
42258
42264
42276
42276
42282
42287
42293
42299
42305
42311
42316
42322
42328
42334
42340
42345
42351
42357
42363
42369
42374
42380
42386
42392
42398
42403
42409
42415
42421
42427
42432
42438
42444
42450
42456
42461
42467
42473
42479
42485
42490
42496
42502
42508
42517
42519
42525
42531
42537
42543
42548
42554
42560
42566
42572
42577
42583
42589
42595
42601
42606
42612
42618
42624
42630
42635
42641
42647
42653
42659
42664
42670
42676
42682
42688
42693
42699
42705
42711
42717
42722
42728
42734
42740
42746
42757
42757
42763
42769
42775
42780
42786
42792
42798
42804
42809
42815
42821
42827
42833
42838
42844
42850
42856
42862
42867
42873
42879
42885
42891
42896
42902
42908
42914
42920
42925
42931
42937
42943
42949
42954
42960
42966
42972
42978
42983
42995
42995
43001
43007
43012
43018
43024
43030
43036
43041
43047
43053
43059
43065
43070
43076
43082
43088
43094
43099
43105
43111
43117
43123
43128
43134
43140
43146
43152
43157
43163
43169
43175
43181
43186
43192
43198
43204
43210
43215
43221
43227
43237
43237
43244
43250
43256
43262
43268
43273
43279
43285
43291
43297
43302
43308
43314
43320
43326
43331
43337
43343
43349
43355
43360
43366
43372
43378
43384
43389
43395
43401
43407
43413
43418
43424
43430
43436
43442
43447
43453
43459
43465
43476
43476
43482
43488
43494
43500
43505
43511
43517
43523
43529
43534
43540
43546
43552
43558
43563
43569
43575
43581
43587
43592
43598
43604
43610
43616
43621
43627
43633
43639
43645
43650
43656
43662
43668
43674
43679
43685
43691
43697
43703
43708
43717
43720
43726
43732
43737
43743
43749
43755
43761
43766
43772
43778
43784
43790
43795
43801
43807
43813
43819
43824
43830
43836
43842
43848
43853
43859
43865
43871
43877
43882
43888
43894
43900
43906
43911
43917
43923
43929
43935
43940
43946
43957
43957
43964
43969
43975
43981
43987
43993
43998
44004
44010
44016
44022
44027
44033
44039
44045
44051
44056
44062
44068
44074
44080
44085
44091
44097
44103
44109
44114
44120
44126
44132
44138
44143
44149
44155
44161
44167
44172
44178
44184
44196
44196
44201
44207
44213
44219
44225
44230
44236
44242
44248
44254
44259
44265
44271
44277
44283
44288
44294
44300
44306
44312
44317
44323
44329
44335
44341
44346
44352
44358
44364
44370
44375
44381
44387
44393
44399
44404
44410
44416
44422
44428
44437
44439
44445
44451
44457
44462
44468
44474
44480
44486
44491
44497
44503
44509
44515
44520
44526
44532
44538
44544
44549
44555
44561
44567
44573
44578
44584
44590
44596
44602
44607
44613
44619
44625
44631
44636
44642
44648
44654
44660
44665
44677
44677
44683
44689
44694
44700
44706
44712
44718
44723
44729
44735
44741
44747
44752
44758
44764
44770
44776
44781
44787
44793
44799
44805
44810
44816
44822
44828
44834
44839
44845
44851
44857
44863
44868
44874
44880
44886
44892
44897
44903
44915
44915
44921
44926
44932
44938
44944
44950
44955
44961
44967
44973
44979
44984
44990
44996
45002
45008
45013
45019
45025
45031
45037
45042
45048
45054
45060
45066
45071
45077
45083
45089
45095
45100
45106
45112
45118
45124
45129
45135
45141
45147
45157
45157
45164
45170
45176
45182
45187
45193
45199
45205
45211
45216
45222
45228
45234
45240
45245
45251
45257
45263
45269
45274
45280
45286
45292
45298
45303
45309
45315
45321
45327
45332
45338
45344
45350
45356
45361
45367
45373
45379
45385
45396
45396
45402
45408
45414
45419
45425
45431
45437
45443
45448
45454
45460
45466
45472
45477
45483
45489
45495
45501
45506
45512
45518
45524
45530
45535
45541
45547
45553
45559
45564
45570
45576
45582
45588
45593
45599
45605
45611
45617
45622
45628
45637
45640
45646
45651
45657
45663
45669
45675
45680
45686
45692
45698
45704
45709
45715
45721
45727
45733
45738
45744
45750
45756
45762
45767
45773
45779
45785
45791
45796
45802
45808
45814
45820
45825
45831
45837
45843
45849
45854
45860
45866
45877
45877
45883
45889
45895
45901
45907
45912
45918
45924
45930
45936
45941
45947
45953
45959
45965
45970
45976
45982
45988
45994
45999
46005
46011
46017
46023
46028
46034
46040
46046
46052
46057
46063
46069
46075
46081
46086
46092
46098
46104
46115
46115
46121
46127
46133
46139
46144
46150
46156
46162
46168
46173
46179
46185
46191
46197
46202
46208
46214
46220
46226
46231
46237
46243
46249
46255
46260
46266
46272
46278
46284
46289
46295
46301
46307
46313
46318
46324
46330
46336
46342
46347
46357
46359
46365
46371
46376
46382
46388
46394
46400
46405
46411
46417
46423
46429
46434
46440
46446
46452
46458
46463
46469
46475
46481
46487
46492
46498
46504
46510
46516
46521
46527
46533
46539
46545
46550
46556
46562
46568
46574
46579
46585
46597
46597
46603
46608
46614
46620
46626
46632
46637
46643
46649
46655
46661
46666
46672
46678
46684
46690
46695
46701
46707
46713
46719
46724
46730
46736
46742
46748
46753
46759
46765
46771
46777
46782
46788
46794
46800
46806
46811
46817
46823
46835
46835
46840
46846
46852
46858
46864
46869
46875
46881
46887
46893
46898
46904
46910
46916
46922
46927
46933
46939
46945
46951
46956
46962
46968
46974
46980
46985
46991
46997
47003
47009
47014
47020
47026
47032
47038
47043
47049
47055
47061
47067
47077
47077
47084
47090
47096
47101
47107
47113
47119
47125
47130
47136
47142
47148
47154
47159
47165
47171
47177
47183
47188
47194
47200
47206
47212
47217
47223
47229
47235
47241
47246
47252
47258
47264
47270
47275
47281
47287
47293
47299
47304
47316
47316
47322
47328
47333
47339
47345
47351
47357
47362
47368
47374
47380
47386
47391
47397
47403
47409
47415
47420
47426
47432
47438
47444
47449
47455
47461
47467
47473
47478
47484
47490
47496
47502
47507
47513
47519
47525
47531
47536
47542
47548
47557
47560
47565
47571
47577
47583
47589
47594
47600
47606
47612
47618
47623
47629
47635
47641
47647
47652
47658
47664
47670
47676
47681
47687
47693
47699
47705
47710
47716
47722
47728
47734
47739
47745
47751
47757
47763
47768
47774
47780
47786
47797
47797
47803
47809
47815
47821
47826
47832
47838
47844
47850
47855
47861
47867
47873
47879
47884
47890
47896
47902
47908
47913
47919
47925
47931
47937
47942
47948
47954
47960
47966
47971
47977
47983
47989
47995
48000
48006
48012
48018
48024
48035
48035
48041
48047
48053
48058
48064
48070
48076
48082
48087
48093
48099
48105
48111
48116
48122
48128
48134
48140
48145
48151
48157
48163
48169
48174
48180
48186
48192
48198
48203
48209
48215
48221
48227
48232
48238
48244
48250
48256
48261
48267
48277
48277
48290
48296
48296
48302
48308
48314
48319
48325
48331
48337
48343
48348
48354
48360
48366
48372
48377
48383
48389
48395
48401
48406
48412
48418
48424
48430
48435
48441
48447
48453
48459
48464
48470
48476
48482
48488
48493
48499
48505
48517
48517
48522
48528
48534
48540
48546
48551
48557
48563
48569
48575
48580
48586
48592
48598
48604
48609
48615
48621
48627
48633
48638
48644
48650
48656
48662
48667
48673
48679
48685
48691
48696
48702
48708
48714
48720
48725
48731
48737
48743
48754
48754
48760
48766
48772
48778
48783
48789
48795
48801
48807
48812
48818
48824
48830
48836
48841
48847
48853
48859
48865
48870
48876
48882
48888
48894
48899
48905
48911
48917
48923
48928
48934
48940
48946
48952
48957
48963
48969
48975
48981
48986
48997
48997
49004
49010
49015
49021
49027
49033
49039
49044
49050
49056
49062
49068
49073
49079
49085
49091
49097
49102
49108
49114
49120
49126
49131
49137
49143
49149
49155
49160
49166
49172
49178
49184
49189
49195
49201
49207
49213
49218
49224
49236
49236
49242
49247
49253
49259
49265
49271
49276
49282
49288
49294
49300
49305
49311
49317
49323
49329
49334
49340
49346
49352
49358
49363
49369
49375
49381
49387
49392
49398
49404
49410
49416
49421
49427
49433
49439
49445
49450
49456
49462
49468
49477
49479
49485
49491
49497
49503
49508
49514
49520
49526
49532
49537
49543
49549
49555
49561
49566
49572
49578
49584
49590
49595
49601
49607
49613
49619
49624
49630
49636
49642
49648
49653
49659
49665
49671
49677
49682
49688
49694
49700
49706
49717
49717
49723
49729
49735
49740
49746
49752
49758
49764
49769
49775
49781
49787
49793
49798
49804
49810
49816
49822
49827
49833
49839
49845
49851
49856
49862
49868
49874
49880
49885
49891
49897
49903
49909
49914
49920
49926
49932
49938
49943
49955
49955
49961
49967
49972
49978
49984
49990
49996
50001
50007
50013
50019
50025
50030
50036
50042
50048
50054
50059
50065
50071
50077
50083
50088
50094
50100
50106
50112
50117
50123
50129
50135
50141
50146
50152
50158
50164
50170
50175
50181
50187
50197
50197
50204
50210
50216
50222
50228
50233
50239
50245
50251
50257
50262
50268
50274
50280
50286
50291
50297
50303
50309
50315
50320
50326
50332
50338
50344
50349
50355
50361
50367
50373
50378
50384
50390
50396
50402
50407
50413
50419
50425
50436
50436
50442
50448
50454
50460
50465
50471
50477
50483
50489
50494
50500
50506
50512
50518
50523
50529
50535
50541
50547
50552
50558
50564
50570
50576
50581
50587
50593
50599
50605
50610
50616
50622
50628
50634
50639
50645
50651
50657
50663
50668
50677
50680
50686
50692
50697
50703
50709
50715
50721
50726
50732
50738
50744
50750
50755
50761
50767
50773
50779
50784
50790
50796
50802
50808
50813
50819
50825
50831
50837
50842
50848
50854
50860
50866
50871
50877
50883
50889
50895
50900
50906
50917
50917
50924
50929
50935
50941
50947
50953
50958
50964
50970
50976
50982
50987
50993
50999
51005
51011
51016
51022
51028
51034
51040
51045
51051
51057
51063
51069
51074
51080
51086
51092
51098
51103
51109
51115
51121
51127
51132
51138
51144
51156
51156
51161
51167
51173
51179
51185
51190
51196
51202
51208
51214
51219
51225
51231
51237
51243
51248
51254
51260
51266
51272
51277
51283
51289
51295
51301
51306
51312
51318
51324
51330
51335
51341
51347
51353
51359
51364
51370
51376
51382
51388
51397
51399
51405
51411
51417
51422
51428
51434
51440
51446
51451
51457
51463
51469
51475
51480
51486
51492
51498
51504
51509
51515
51521
51527
51533
51538
51544
51550
51556
51562
51567
51573
51579
51585
51591
51596
51602
51608
51614
51620
51625
51637
51637
51643
51649
51654
51660
51666
51672
51678
51683
51689
51695
51701
51707
51712
51718
51724
51730
51736
51741
51747
51753
51759
51765
51770
51776
51782
51788
51794
51799
51805
51811
51817
51823
51828
51834
51840
51846
51852
51857
51863
51875
51875
51881
51886
51892
51898
51904
51910
51915
51921
51927
51933
51939
51944
51950
51956
51962
51968
51973
51979
51985
51991
51997
52002
52008
52014
52020
52026
52031
52037
52043
52049
52055
52060
52066
52072
52078
52084
52089
52095
52101
52107
52117
52117
52124
52130
52136
52142
52147
52153
52159
52165
52171
52176
52182
52188
52194
52200
52205
52211
52217
52223
52229
52234
52240
52246
52252
52258
52263
52269
52275
52281
52287
52292
52298
52304
52310
52316
52321
52327
52333
52339
52345
52356
52356
52362
52368
52374
52379
52385
52391
52397
52403
52408
52414
52420
52426
52432
52437
52443
52449
52455
52461
52466
52472
52478
52484
52490
52495
52501
52507
52513
52519
52524
52530
52536
52542
52548
52553
52559
52565
52571
52577
52582
52588
52597
52600
52606
52611
52617
52623
52629
52635
52640
52646
52652
52658
52664
52669
52675
52681
52687
52693
52698
52704
52710
52716
52722
52727
52733
52739
52745
52751
52756
52762
52768
52774
52780
52785
52791
52797
52803
52809
52814
52820
52826
52837
52837
52843
52849
52855
52861
52867
52872
52878
52884
52890
52896
52901
52907
52913
52919
52925
52930
52936
52942
52948
52954
52959
52965
52971
52977
52983
52988
52994
53000
53006
53012
53017
53023
53029
53035
53041
53046
53052
53058
53064
53075
53075
53081
53087
53093
53099
53104
53110
53116
53122
53128
53133
53139
53145
53151
53157
53162
53168
53174
53180
53186
53191
53197
53203
53209
53215
53220
53226
53232
53238
53244
53249
53255
53261
53267
53273
53278
53284
53290
53296
53302
53307
53317
53319
53325
53331
53336
53342
53348
53354
53360
53365
53371
53377
53383
53389
53394
53400
53406
53412
53418
53423
53429
53435
53441
53447
53452
53458
53464
53470
53476
53481
53487
53493
53499
53505
53510
53516
53522
53528
53534
53539
53545
53557
53557
53563
53568
53574
53580
53586
53592
53597
53603
53609
53615
53621
53626
53632
53638
53644
53650
53655
53661
53667
53673
53679
53684
53690
53696
53702
53708
53713
53719
53725
53731
53737
53742
53748
53754
53760
53766
53771
53777
53783
53795
53795
53800
53806
53812
53818
53824
53829
53835
53841
53847
53853
53858
53864
53870
53876
53882
53887
53893
53899
53905
53911
53916
53922
53928
53934
53940
53945
53951
53957
53963
53969
53974
53980
53986
53992
53998
54003
54009
54015
54021
54027
54037
54037
54044
54050
54056
54061
54067
54073
54079
54085
54090
54096
54102
54108
54114
54119
54125
54131
54137
54143
54148
54154
54160
54166
54172
54177
54183
54189
54195
54201
54206
54212
54218
54224
54230
54235
54241
54247
54253
54259
54264
54276
54276
54282
54288
54293
54299
54305
54311
54317
54322
54328
54334
54340
54346
54351
54357
54363
54369
54375
54380
54386
54392
54398
54404
54409
54415
54421
54427
54433
54438
54444
54450
54456
54462
54467
54473
54479
54485
54491
54496
54502
54508
54517
54520
54525
54531
54537
54543
54549
54554
54560
54566
54572
54578
54583
54589
54595
54601
54607
54612
54618
54624
54630
54636
54641
54647
54653
54659
54665
54670
54676
54682
54688
54694
54699
54705
54711
54717
54723
54728
54734
54740
54746
54757
54757
54763
54769
54775
54781
54786
54792
54798
54804
54810
54815
54821
54827
54833
54839
54844
54850
54856
54862
54868
54873
54879
54885
54891
54897
54902
54908
54914
54920
54926
54931
54937
54943
54949
54955
54960
54966
54972
54978
54984
54995
54995
55001
55007
55013
55018
55024
55030
55036
55042
55047
55053
55059
55065
55071
55076
55082
55088
55094
55100
55105
55111
55117
55123
55129
55134
55140
55146
55152
55158
55163
55169
55175
55181
55187
55192
55198
55204
55210
55216
55221
55227
55237
55237
55250
55256
55256
55262
55268
55274
55279
55285
55291
55297
55303
55308
55314
55320
55326
55332
55337
55343
55349
55355
55361
55366
55372
55378
55384
55390
55395
55401
55407
55413
55419
55424
55430
55436
55442
55448
55453
55459
55465
55477
55477
55482
55488
55494
55500
55506
55511
55517
55523
55529
55535
55540
55546
55552
55558
55564
55569
55575
55581
55587
55593
55598
55604
55610
55616
55622
55627
55633
55639
55645
55651
55656
55662
55668
55674
55680
55685
55691
55697
55703
55714
55714
55720
55726
55732
55738
55743
55749
55755
55761
55767
55772
55778
55784
55790
55796
55801
55807
55813
55819
55825
55830
55836
55842
55848
55854
55859
55865
55871
55877
55883
55888
55894
55900
55906
55912
55917
55923
55929
55935
55941
55946
55957
55957
55964
55970
55975
55981
55987
55993
55999
56004
56010
56016
56022
56028
56033
56039
56045
56051
56057
56062
56068
56074
56080
56086
56091
56097
56103
56109
56115
56120
56126
56132
56138
56144
56149
56155
56161
56167
56173
56178
56184
56196
56196
56202
56207
56213
56219
56225
56231
56236
56242
56248
56254
56260
56265
56271
56277
56283
56289
56294
56300
56306
56312
56318
56323
56329
56335
56341
56347
56352
56358
56364
56370
56376
56381
56387
56393
56399
56405
56410
56416
56422
56428
56437
56439
56445
56451
56457
56463
56468
56474
56480
56486
56492
56497
56503
56509
56515
56521
56526
56532
56538
56544
56550
56555
56561
56567
56573
56579
56584
56590
56596
56602
56608
56613
56619
56625
56631
56637
56642
56648
56654
56660
56666
56677
56677
56683
56689
56695
56700
56706
56712
56718
56724
56729
56735
56741
56747
56753
56758
56764
56770
56776
56782
56787
56793
56799
56805
56811
56816
56822
56828
56834
56840
56845
56851
56857
56863
56869
56874
56880
56886
56892
56898
56903
56915
56915
56921
56927
56932
56938
56944
56950
56956
56961
56967
56973
56979
56985
56990
56996
57002
57008
57014
57019
57025
57031
57037
57043
57048
57054
57060
57066
57072
57077
57083
57089
57095
57101
57106
57112
57118
57124
57130
57135
57141
57147
57157
57157
57164
57170
57176
57182
57188
57193
57199
57205
57211
57217
57222
57228
57234
57240
57246
57251
57257
57263
57269
57275
57280
57286
57292
57298
57304
57309
57315
57321
57327
57333
57338
57344
57350
57356
57362
57367
57373
57379
57385
57396
57396
57402
57408
57414
57420
57425
57431
57437
57443
57449
57454
57460
57466
57472
57478
57483
57489
57495
57501
57507
57512
57518
57524
57530
57536
57541
57547
57553
57559
57565
57570
57576
57582
57588
57594
57599
57605
57611
57617
57623
57628
57637
57640
57646
57652
57657
57663
57669
57675
57681
57686
57692
57698
57704
57710
57715
57721
57727
57733
57739
57744
57750
57756
57762
57768
57773
57779
57785
57791
57797
57802
57808
57814
57820
57826
57831
57837
57843
57849
57855
57860
57866
57877
57877
57884
57889
57895
57901
57907
57913
57918
57924
57930
57936
57942
57947
57953
57959
57965
57971
57976
57982
57988
57994
58000
58005
58011
58017
58023
58029
58034
58040
58046
58052
58058
58063
58069
58075
58081
58087
58092
58098
58104
58116
58116
58121
58127
58133
58139
58145
58150
58156
58162
58168
58174
58179
58185
58191
58197
58203
58208
58214
58220
58226
58232
58237
58243
58249
58255
58261
58266
58272
58278
58284
58290
58295
58301
58307
58313
58319
58324
58330
58336
58342
58348
58357
58359
58365
58371
58377
58382
58388
58394
58400
58406
58411
58417
58423
58429
58435
58440
58446
58452
58458
58464
58469
58475
58481
58487
58493
58498
58504
58510
58516
58522
58527
58533
58539
58545
58551
58556
58562
58568
58574
58580
58585
58597
58597
58603
58609
58614
58620
58626
58632
58638
58643
58649
58655
58661
58667
58672
58678
58684
58690
58696
58701
58707
58713
58719
58725
58730
58736
58742
58748
58754
58759
58765
58771
58777
58783
58788
58794
58800
58806
58812
58817
58823
58835
58835
58841
58846
58852
58858
58864
58870
58875
58881
58887
58893
58899
58904
58910
58916
58922
58928
58933
58939
58945
58951
58957
58962
58968
58974
58980
58986
58991
58997
59003
59009
59015
59020
59026
59032
59038
59044
59049
59055
59061
59067
59077
59077
59084
59090
59096
59102
59107
59113
59119
59125
59131
59136
59142
59148
59154
59160
59165
59171
59177
59183
59189
59194
59200
59206
59212
59218
59223
59229
59235
59241
59247
59252
59258
59264
59270
59276
59281
59287
59293
59299
59305
59316
59316
59322
59328
59334
59339
59345
59351
59357
59363
59368
59374
59380
59386
59392
59397
59403
59409
59415
59421
59426
59432
59438
59444
59450
59455
59461
59467
59473
59479
59484
59490
59496
59502
59508
59513
59519
59525
59531
59537
59542
59548
59557
59560
59566
59571
59577
59583
59589
59595
59600
59606
59612
59618
59624
59629
59635
59641
59647
59653
59658
59664
59670
59676
59682
59687
59693
59699
59705
59711
59716
59722
59728
59734
59740
59745
59751
59757
59763
59769
59774
59780
59786
59797
59797
59803
59809
59815
59821
59827
59832
59838
59844
59850
59856
59861
59867
59873
59879
59885
59890
59896
59902
59908
59914
59919
59925
59931
59937
59943
59948
59954
59960
59966
59972
59977
59983
59989
59995
60001
60006
60012
60018
60024
60035
60035
60041
60047
60053
60059
60064
60070
60076
60082
60088
60093
60099
60105
60111
60117
60122
60128
60134
60140
60146
60151
60157
60163
60169
60175
60180
60186
60192
60198
60204
60209
60215
60221
60227
60233
60238
60244
60250
60256
60262
60267
60277
60279
60285
60291
60296
60302
60308
60314
60320
60325
60331
60337
60343
60349
60354
60360
60366
60372
60378
60383
60389
60395
60401
60407
60412
60418
60424
60430
60436
60441
60447
60453
60459
60465
60470
60476
60482
60488
60494
60499
60505
60517
60517
60523
60528
60534
60540
60546
60552
60557
60563
60569
60575
60581
60586
60592
60598
60604
60610
60615
60621
60627
60633
60639
60644
60650
60656
60662
60668
60673
60679
60685
60691
60697
60702
60708
60714
60720
60726
60731
60737
60743
60755
60755
60760
60766
60772
60778
60784
60789
60795
60801
60807
60813
60818
60824
60830
60836
60842
60847
60853
60859
60865
60871
60876
60882
60888
60894
60900
60905
60911
60917
60923
60929
60934
60940
60946
60952
60958
60963
60969
60975
60981
60987
60997
60997
61004
61010
61016
61021
61027
61033
61039
61045
61050
61056
61062
61068
61074
61079
61085
61091
61097
61103
61108
61114
61120
61126
61132
61137
61143
61149
61155
61161
61166
61172
61178
61184
61190
61195
61201
61207
61213
61219
61224
61236
61236
61242
61248
61253
61259
61265
61271
61277
61282
61288
61294
61300
61306
61311
61317
61323
61329
61335
61340
61346
61352
61358
61364
61369
61375
61381
61387
61393
61398
61404
61410
61416
61422
61427
61433
61439
61445
61451
61456
61462
61468
61477
61480
61485
61491
61497
61503
61509
61514
61520
61526
61532
61538
61543
61549
61555
61561
61567
61572
61578
61584
61590
61596
61601
61607
61613
61619
61625
61630
61636
61642
61648
61654
61659
61665
61671
61677
61683
61688
61694
61700
61706
61717
61717
61723
61729
61735
61741
61746
61752
61758
61764
61770
61775
61781
61787
61793
61799
61804
61810
61816
61822
61828
61833
61839
61845
61851
61857
61862
61868
61874
61880
61886
61891
61897
61903
61909
61915
61920
61926
61932
61938
61944
61955
61955
61961
61967
61973
61978
61984
61990
61996
62002
62007
62013
62019
62025
62031
62036
62042
62048
62054
62060
62065
62071
62077
62083
62089
62094
62100
62106
62112
62118
62123
62129
62135
62141
62147
62152
62158
62164
62170
62176
62181
62187
62197
62197
62210
62216
62216
62222
62228
62234
62239
62245
62251
62257
62263
62268
62274
62280
62286
62292
62297
62303
62309
62315
62321
62326
62332
62338
62344
62350
62355
62361
62367
62373
62379
62384
62390
62396
62402
62408
62413
62419
62425
62437
62437
62442
62448
62454
62460
62466
62471
62477
62483
62489
62495
62500
62506
62512
62518
62524
62529
62535
62541
62547
62553
62558
62564
62570
62576
62582
62587
62593
62599
62605
62611
62616
62622
62628
62634
62640
62645
62651
62657
62663
62674
62674
62680
62686
62692
62698
62703
62709
62715
62721
62727
62732
62738
62744
62750
62756
62761
62767
62773
62779
62785
62790
62796
62802
62808
62814
62819
62825
62831
62837
62843
62848
62854
62860
62866
62872
62877
62883
62889
62895
62901
62906
62917
62917
62924
62930
62935
62941
62947
62953
62959
62964
62970
62976
62982
62988
62993
62999
63005
63011
63017
63022
63028
63034
63040
63046
63051
63057
63063
63069
63075
63080
63086
63092
63098
63104
63109
63115
63121
63127
63133
63138
63144
63156
63156
63162
63167
63173
63179
63185
63191
63196
63202
63208
63214
63220
63225
63231
63237
63243
63249
63254
63260
63266
63272
63278
63283
63289
63295
63301
63307
63312
63318
63324
63330
63336
63341
63347
63353
63359
63365
63370
63376
63382
63388
63397
63399
63405
63411
63417
63423
63428
63434
63440
63446
63452
63457
63463
63469
63475
63481
63486
63492
63498
63504
63510
63515
63521
63527
63533
63539
63544
63550
63556
63562
63568
63573
63579
63585
63591
63597
63602
63608
63614
63620
63626
63637
63637
63643
63649
63655
63660
63666
63672
63678
63684
63689
63695
63701
63707
63713
63718
63724
63730
63736
63742
63747
63753
63759
63765
63771
63776
63782
63788
63794
63800
63805
63811
63817
63823
63829
63834
63840
63846
63852
63858
63863
63875
63875
63881
63887
63892
63898
63904
63910
63916
63921
63927
63933
63939
63945
63950
63956
63962
63968
63974
63979
63985
63991
63997
64003
64008
64014
64020
64026
64032
64037
64043
64049
64055
64061
64066
64072
64078
64084
64090
64095
64101
64107
64117
64117
64124
64130
64136
64142
64148
64153
64159
64165
64171
64177
64182
64188
64194
64200
64206
64211
64217
64223
64229
64235
64240
64246
64252
64258
64264
64269
64275
64281
64287
64293
64298
64304
64310
64316
64322
64327
64333
64339
64345
64356
64356
64362
64368
64374
64380
64385
64391
64397
64403
64409
64414
64420
64426
64432
64438
64443
64449
64455
64461
64467
64472
64478
64484
64490
64496
64501
64507
64513
64519
64525
64530
64536
64542
64548
64554
64559
64565
64571
64577
64583
64588
64597
64600
64606
64612
64617
64623
64629
64635
64641
64646
64652
64658
64664
64670
64675
64681
64687
64693
64699
64704
64710
64716
64722
64728
64733
64739
64745
64751
64757
64762
64768
64774
64780
64786
64791
64797
64803
64809
64815
64820
64826
64837
64837
64844
64849
64855
64861
64867
64873
64878
64884
64890
64896
64902
64907
64913
64919
64925
64931
64936
64942
64948
64954
64960
64965
64971
64977
64983
64989
64994
65000
65006
65012
65018
65023
65029
65035
65041
65047
65052
65058
65064
65076
65076
65081
65087
65093
65099
65105
65110
65116
65122
65128
65134
65139
65145
65151
65157
65163
65168
65174
65180
65186
65192
65197
65203
65209
65215
65221
65226
65232
65238
65244
65250
65255
65261
65267
65273
65279
65284
65290
65296
65302
65308
65317
65319
65325
65331
65337
65342
65348
65354
65360
65366
65371
65377
65383
65389
65395
65400
65406
65412
65418
65424
65429
65435
65441
65447
65453
65458
65464
65470
65476
65482
65487
65493
65499
65505
65511
65516
65522
65528
65534
65540
65545
65557
65557
65563
65569
65574
65580
65586
65592
65598
65603
65609
65615
65621
65627
65632
65638
65644
65650
65656
65661
65667
65673
65679
65685
65690
65696
65702
65708
65714
65719
65725
65731
65737
65743
65748
65754
65760
65766
65772
65777
65783
65795
65795
65801
65806
65812
65818
65824
65830
65835
65841
65847
65853
65859
65864
65870
65876
65882
65888
65893
65899
65905
65911
65917
65922
65928
65934
65940
65946
65951
65957
65963
65969
65975
65980
65986
65992
65998
66004
66009
66015
66021
66027
66037
66037
66044
66050
66056
66062
66067
66073
66079
66085
66091
66096
66102
66108
66114
66120
66125
66131
66137
66143
66149
66154
66160
66166
66172
66178
66183
66189
66195
66201
66207
66212
66218
66224
66230
66236
66241
66247
66253
66259
66265
66276
66276
66282
66288
66294
66299
66305
66311
66317
66323
66328
66334
66340
66346
66352
66357
66363
66369
66375
66381
66386
66392
66398
66404
66410
66415
66421
66427
66433
66439
66444
66450
66456
66462
66468
66473
66479
66485
66491
66497
66502
66508
66517
66520
66526
66531
66537
66543
66549
66555
66560
66566
66572
66578
66584
66589
66595
66601
66607
66613
66618
66624
66630
66636
66642
66647
66653
66659
66665
66671
66676
66682
66688
66694
66700
66705
66711
66717
66723
66729
66734
66740
66746
66757
66757
66763
66769
66775
66781
66787
66792
66798
66804
66810
66816
66821
66827
66833
66839
66845
66850
66856
66862
66868
66874
66879
66885
66891
66897
66903
66908
66914
66920
66926
66932
66937
66943
66949
66955
66961
66966
66972
66978
66984
66995
66995
67001
67007
67013
67019
67024
67030
67036
67042
67048
67053
67059
67065
67071
67077
67082
67088
67094
67100
67106
67111
67117
67123
67129
67135
67140
67146
67152
67158
67164
67169
67175
67181
67187
67193
67198
67204
67210
67216
67222
67227
67237
67239
67245
67251
67256
67262
67268
67274
67280
67285
67291
67297
67303
67309
67314
67320
67326
67332
67338
67343
67349
67355
67361
67367
67372
67378
67384
67390
67396
67401
67407
67413
67419
67425
67430
67436
67442
67448
67454
67459
67465
67477
67477
67483
67488
67494
67500
67506
67512
67517
67523
67529
67535
67541
67546
67552
67558
67564
67570
67575
67581
67587
67593
67599
67604
67610
67616
67622
67628
67633
67639
67645
67651
67657
67662
67668
67674
67680
67686
67691
67697
67703
67715
67715
67720
67726
67732
67738
67744
67749
67755
67761
67767
67773
67778
67784
67790
67796
67802
67807
67813
67819
67825
67831
67836
67842
67848
67854
67860
67865
67871
67877
67883
67889
67894
67900
67906
67912
67918
67923
67929
67935
67941
67947
67957
67957
67964
67970
67976
67981
67987
67993
67999
68005
68010
68016
68022
68028
68034
68039
68045
68051
68057
68063
68068
68074
68080
68086
68092
68097
68103
68109
68115
68121
68126
68132
68138
68144
68150
68155
68161
68167
68173
68179
68184
68196
68196
68202
68208
68213
68219
68225
68231
68237
68242
68248
68254
68260
68266
68271
68277
68283
68289
68295
68300
68306
68312
68318
68324
68329
68335
68341
68347
68353
68358
68364
68370
68376
68382
68387
68393
68399
68405
68411
68416
68422
68428
68437
68440
68445
68451
68457
68463
68469
68474
68480
68486
68492
68498
68503
68509
68515
68521
68527
68532
68538
68544
68550
68556
68561
68567
68573
68579
68585
68590
68596
68602
68608
68614
68619
68625
68631
68637
68643
68648
68654
68660
68666
68677
68677
68683
68689
68695
68701
68706
68712
68718
68724
68730
68735
68741
68747
68753
68759
68764
68770
68776
68782
68788
68793
68799
68805
68811
68817
68822
68828
68834
68840
68846
68851
68857
68863
68869
68875
68880
68886
68892
68898
68904
68915
68915
68921
68927
68933
68938
68944
68950
68956
68962
68967
68973
68979
68985
68991
68996
69002
69008
69014
69020
69025
69031
69037
69043
69049
69054
69060
69066
69072
69078
69083
69089
69095
69101
69107
69112
69118
69124
69130
69136
69141
69147
69157
69157
69170
69176
69176
69182
69188
69194
69199
69205
69211
69217
69223
69228
69234
69240
69246
69252
69257
69263
69269
69275
69281
69286
69292
69298
69304
69310
69315
69321
69327
69333
69339
69344
69350
69356
69362
69368
69373
69379
69385
69397
69397
69402
69408
69414
69420
69426
69431
69437
69443
69449
69455
69460
69466
69472
69478
69484
69489
69495
69501
69507
69513
69518
69524
69530
69536
69542
69547
69553
69559
69565
69571
69576
69582
69588
69594
69600
69605
69611
69617
69623
69634
69634
69640
69646
69652
69658
69663
69669
69675
69681
69687
69692
69698
69704
69710
69716
69721
69727
69733
69739
69745
69750
69756
69762
69768
69774
69779
69785
69791
69797
69803
69808
69814
69820
69826
69832
69837
69843
69849
69855
69861
69866
69877
69877
69884
69890
69895
69901
69907
69913
69919
69924
69930
69936
69942
69948
69953
69959
69965
69971
69977
69982
69988
69994
70000
70006
70011
70017
70023
70029
70035
70040
70046
70052
70058
70064
70069
70075
70081
70087
70093
70098
70104
70116
70116
70122
70127
70133
70139
70145
70151
70156
70162
70168
70174
70180
70185
70191
70197
70203
70209
70214
70220
70226
70232
70238
70243
70249
70255
70261
70267
70272
70278
70284
70290
70296
70301
70307
70313
70319
70325
70330
70336
70342
70348
70357
70359
70365
70371
70377
70383
70388
70394
70400
70406
70412
70417
70423
70429
70435
70441
70446
70452
70458
70464
70470
70475
70481
70487
70493
70499
70504
70510
70516
70522
70528
70533
70539
70545
70551
70557
70562
70568
70574
70580
70586
70597
70597
70603
70609
70615
70620
70626
70632
70638
70644
70649
70655
70661
70667
70673
70678
70684
70690
70696
70702
70707
70713
70719
70725
70731
70736
70742
70748
70754
70760
70765
70771
70777
70783
70789
70794
70800
70806
70812
70818
70823
70835
70835
70841
70847
70852
70858
70864
70870
70876
70881
70887
70893
70899
70905
70910
70916
70922
70928
70934
70939
70945
70951
70957
70963
70968
70974
70980
70986
70992
70997
71003
71009
71015
71021
71026
71032
71038
71044
71050
71055
71061
71067
71077
71077
71084
71090
71096
71102
71108
71113
71119
71125
71131
71137
71142
71148
71154
71160
71166
71171
71177
71183
71189
71195
71200
71206
71212
71218
71224
71229
71235
71241
71247
71253
71258
71264
71270
71276
71282
71287
71293
71299
71305
71316
71316
71322
71328
71334
71340
71345
71351
71357
71363
71369
71374
71380
71386
71392
71398
71403
71409
71415
71421
71427
71432
71438
71444
71450
71456
71461
71467
71473
71479
71485
71490
71496
71502
71508
71514
71519
71525
71531
71537
71543
71548
71557
71560
71566
71572
71577
71583
71589
71595
71601
71606
71612
71618
71624
71630
71635
71641
71647
71653
71659
71664
71670
71676
71682
71688
71693
71699
71705
71711
71717
71722
71728
71734
71740
71746
71751
71757
71763
71769
71775
71780
71786
71797
71797
71804
71809
71815
71821
71827
71833
71838
71844
71850
71856
71862
71867
71873
71879
71885
71891
71896
71902
71908
71914
71920
71925
71931
71937
71943
71949
71954
71960
71966
71972
71978
71983
71989
71995
72001
72007
72012
72018
72024
72036
72036
72041
72047
72053
72059
72065
72070
72076
72082
72088
72094
72099
72105
72111
72117
72123
72128
72134
72140
72146
72152
72157
72163
72169
72175
72181
72186
72192
72198
72204
72210
72215
72221
72227
72233
72239
72244
72250
72256
72262
72268
72277
72279
72285
72291
72297
72302
72308
72314
72320
72326
72331
72337
72343
72349
72355
72360
72366
72372
72378
72384
72389
72395
72401
72407
72413
72418
72424
72430
72436
72442
72447
72453
72459
72465
72471
72476
72482
72488
72494
72500
72505
72517
72517
72523
72529
72534
72540
72546
72552
72558
72563
72569
72575
72581
72587
72592
72598
72604
72610
72616
72621
72627
72633
72639
72645
72650
72656
72662
72668
72674
72679
72685
72691
72697
72703
72708
72714
72720
72726
72732
72737
72743
72755
72755
72761
72766
72772
72778
72784
72790
72795
72801
72807
72813
72819
72824
72830
72836
72842
72848
72853
72859
72865
72871
72877
72882
72888
72894
72900
72906
72911
72917
72923
72929
72935
72940
72946
72952
72958
72964
72969
72975
72981
72987
72997
72997
73004
73010
73016
73022
73027
73033
73039
73045
73051
73056
73062
73068
73074
73080
73085
73091
73097
73103
73109
73114
73120
73126
73132
73138
73143
73149
73155
73161
73167
73172
73178
73184
73190
73196
73201
73207
73213
73219
73225
73236
73236
73242
73248
73254
73259
73265
73271
73277
73283
73288
73294
73300
73306
73312
73317
73323
73329
73335
73341
73346
73352
73358
73364
73370
73375
73381
73387
73393
73399
73404
73410
73416
73422
73428
73433
73439
73445
73451
73457
73462
73468
73477
73480
73486
73491
73497
73503
73509
73515
73520
73526
73532
73538
73544
73549
73555
73561
73567
73573
73578
73584
73590
73596
73602
73607
73613
73619
73625
73631
73636
73642
73648
73654
73660
73665
73671
73677
73683
73689
73694
73700
73706
73717
73717
73723
73729
73735
73741
73747
73752
73758
73764
73770
73776
73781
73787
73793
73799
73805
73810
73816
73822
73828
73834
73839
73845
73851
73857
73863
73868
73874
73880
73886
73892
73897
73903
73909
73915
73921
73926
73932
73938
73944
73955
73955
73961
73967
73973
73979
73984
73990
73996
74002
74008
74013
74019
74025
74031
74037
74042
74048
74054
74060
74066
74071
74077
74083
74089
74095
74100
74106
74112
74118
74124
74129
74135
74141
74147
74153
74158
74164
74170
74176
74182
74187
74197
74199
74205
74211
74216
74222
74228
74234
74240
74245
74251
74257
74263
74269
74274
74280
74286
74292
74298
74303
74309
74315
74321
74327
74332
74338
74344
74350
74356
74361
74367
74373
74379
74385
74390
74396
74402
74408
74414
74419
74425
74437
74437
74443
74448
74454
74460
74466
74472
74477
74483
74489
74495
74501
74506
74512
74518
74524
74530
74535
74541
74547
74553
74559
74564
74570
74576
74582
74588
74593
74599
74605
74611
74617
74622
74628
74634
74640
74646
74651
74657
74663
74675
74675
74680
74686
74692
74698
74704
74709
74715
74721
74727
74733
74738
74744
74750
74756
74762
74767
74773
74779
74785
74791
74796
74802
74808
74814
74820
74825
74831
74837
74843
74849
74854
74860
74866
74872
74878
74883
74889
74895
74901
74907
74917
74917
74924
74930
74936
74941
74947
74953
74959
74965
74970
74976
74982
74988
74994
74999
75005
75011
75017
75023
75028
75034
75040
75046
75052
75057
75063
75069
75075
75081
75086
75092
75098
75104
75110
75115
75121
75127
75133
75139
75144
75156
75156
75162
75168
75173
75179
75185
75191
75197
75202
75208
75214
75220
75226
75231
75237
75243
75249
75255
75260
75266
75272
75278
75284
75289
75295
75301
75307
75313
75318
75324
75330
75336
75342
75347
75353
75359
75365
75371
75376
75382
75388
75397
75400
75405
75411
75417
75423
75429
75434
75440
75446
75452
75458
75463
75469
75475
75481
75487
75492
75498
75504
75510
75516
75521
75527
75533
75539
75545
75550
75556
75562
75568
75574
75579
75585
75591
75597
75603
75608
75614
75620
75626
75637
75637
75643
75649
75655
75661
75666
75672
75678
75684
75690
75695
75701
75707
75713
75719
75724
75730
75736
75742
75748
75753
75759
75765
75771
75777
75782
75788
75794
75800
75806
75811
75817
75823
75829
75835
75840
75846
75852
75858
75864
75875
75875
75881
75887
75893
75898
75904
75910
75916
75922
75927
75933
75939
75945
75951
75956
75962
75968
75974
75980
75985
75991
75997
76003
76009
76014
76020
76026
76032
76038
76043
76049
76055
76061
76067
76072
76078
76084
76090
76096
76101
76107
76117
76117
76130
76136
76136
76142
76148
76154
76159
76165
76171
76177
76183
76188
76194
76200
76206
76212
76217
76223
76229
76235
76241
76246
76252
76258
76264
76270
76275
76281
76287
76293
76299
76304
76310
76316
76322
76328
76333
76339
76345
76357
76357
76362
76368
76374
76380
76386
76391
76397
76403
76409
76415
76420
76426
76432
76438
76444
76449
76455
76461
76467
76473
76478
76484
76490
76496
76502
76507
76513
76519
76525
76531
76536
76542
76548
76554
76560
76565
76571
76577
76583
76594
76594
76600
76606
76612
76618
76623
76629
76635
76641
76647
76652
76658
76664
76670
76676
76681
76687
76693
76699
76705
76710
76716
76722
76728
76734
76739
76745
76751
76757
76763
76768
76774
76780
76786
76792
76797
76803
76809
76815
76821
76826
76837
76837
76844
76850
76855
76861
76867
76873
76879
76884
76890
76896
76902
76908
76913
76919
76925
76931
76937
76942
76948
76954
76960
76966
76971
76977
76983
76989
76995
77000
77006
77012
77018
77024
77029
77035
77041
77047
77053
77058
77064
77076
77076
77082
77087
77093
77099
77105
77111
77116
77122
77128
77134
77140
77145
77151
77157
77163
77169
77174
77180
77186
77192
77198
77203
77209
77215
77221
77227
77232
77238
77244
77250
77256
77261
77267
77273
77279
77285
77290
77296
77302
77308
77317
77319
77325
77331
77337
77343
77348
77354
77360
77366
77372
77377
77383
77389
77395
77401
77406
77412
77418
77424
77430
77435
77441
77447
77453
77459
77464
77470
77476
77482
77488
77493
77499
77505
77511
77517
77522
77528
77534
77540
77546
77557
77557
77563
77569
77575
77580
77586
77592
77598
77604
77609
77615
77621
77627
77633
77638
77644
77650
77656
77662
77667
77673
77679
77685
77691
77696
77702
77708
77714
77720
77725
77731
77737
77743
77749
77754
77760
77766
77772
77778
77783
77795
77795
77801
77807
77812
77818
77824
77830
77836
77841
77847
77853
77859
77865
77870
77876
77882
77888
77894
77899
77905
77911
77917
77923
77928
77934
77940
77946
77952
77957
77963
77969
77975
77981
77986
77992
77998
78004
78010
78015
78021
78027
78037
78037
78044
78050
78056
78062
78068
78073
78079
78085
78091
78097
78102
78108
78114
78120
78126
78131
78137
78143
78149
78155
78160
78166
78172
78178
78184
78189
78195
78201
78207
78213
78218
78224
78230
78236
78242
78247
78253
78259
78265
78276
78276
78282
78288
78294
78300
78305
78311
78317
78323
78329
78334
78340
78346
78352
78358
78363
78369
78375
78381
78387
78392
78398
78404
78410
78416
78421
78427
78433
78439
78445
78450
78456
78462
78468
78474
78479
78485
78491
78497
78503
78508
78517
78520
78526
78532
78537
78543
78549
78555
78561
78566
78572
78578
78584
78590
78595
78601
78607
78613
78619
78624
78630
78636
78642
78648
78653
78659
78665
78671
78677
78682
78688
78694
78700
78706
78711
78717
78723
78729
78735
78740
78746
78757
78757
78764
78769
78775
78781
78787
78793
78798
78804
78810
78816
78822
78827
78833
78839
78845
78851
78856
78862
78868
78874
78880
78885
78891
78897
78903
78909
78914
78920
78926
78932
78938
78943
78949
78955
78961
78967
78972
78978
78984
78996
78996
79001
79007
79013
79019
79025
79030
79036
79042
79048
79054
79059
79065
79071
79077
79083
